.ISO8601 <-
"%Y-%m-%dT%H:%M:%OS%z"
.Random.seed <-
c(403L, 10L, -1713004056L, -1303497706L, -1348722799L, -544022461L, 
1996326738L, -591975452L, 207950375L, 344836733L, 1697125236L, 
191524698L, 1977526693L, 1054590399L, 1090631238L, 2020054224L, 
-1567273229L, -1424295919L, -802292160L, 448631326L, -1659888407L, 
-247011813L, -1424320982L, 198699340L, 654234383L, 498132549L, 
-1773027332L, -1515567534L, -490210355L, -2071808633L, -436293522L, 
-996038584L, 346319435L, 1476954025L, 1284097784L, -86805978L, 
1558424385L, 393285843L, 219403394L, 1073697460L, -314071497L, 
-1799467731L, 642623044L, -166323350L, 185608149L, 1836056943L, 
-860992394L, -1723086944L, -1427611549L, 1598956801L, -1016911760L, 
196514830L, 379995257L, -1175423989L, 667172154L, -342393796L, 
977263487L, 832719061L, -462156564L, 1430373954L, -1374234211L, 
1905089559L, 971006334L, -672958664L, -196550629L, 1010430329L, 
-194439224L, -723731466L, -206205391L, -647215005L, -663369678L, 
-1625176700L, 1186679751L, -1684005219L, -1792133612L, 1911663802L, 
1765308677L, 1454668511L, 969770854L, -1404485904L, 1921541651L, 
-633147471L, 1671797344L, 1457080318L, -498145399L, -32296773L, 
510758026L, 321777516L, 657595631L, 1868396325L, -1454734884L, 
2020368306L, -620665171L, -963649945L, -1627497074L, -1832347032L, 
-1104652693L, -519442423L, -1162932584L, -118875706L, -1003394783L, 
-739333709L, -1811794654L, -1888702700L, -1365231721L, 685725581L, 
115575460L, 31376522L, -72983819L, -1014002353L, 1302932054L, 
-1148217088L, 1301797955L, -1674899487L, 401219408L, -474467922L, 
-401719463L, 1517696363L, -1332503334L, -260811364L, -218392161L, 
57359349L, 541088396L, 786501474L, 1487793981L, 169969591L, 755237982L, 
79411608L, -448307973L, 1859303577L, 1832446248L, 965824470L, 
-1434870703L, 503281411L, -1575649646L, 1700699172L, 1929855719L, 
258471741L, 93570996L, 1901038618L, 1241741157L, 1705953791L, 
-1862531962L, -2109413360L, -469402957L, -283838127L, -1971857152L, 
689970142L, 82290729L, -780705829L, 2002263274L, -982496628L, 
-625052209L, 916801925L, -1017114052L, -1131231470L, -1396044787L, 
-714979513L, -1705908946L, 1082774664L, 1233510795L, -1008002711L, 
-1310944456L, 803585510L, 280054145L, -1979646701L, 1721514690L, 
-2083068556L, -1071147657L, 264576621L, -622710524L, -146332630L, 
-54339179L, 936783407L, -29963466L, -30960800L, -433432157L, 
-1826108735L, 1699259056L, 1896316366L, 1010618681L, 1432366411L, 
-1439062278L, -870848516L, 1967351871L, 1185968405L, -902858196L, 
1903503106L, -417750051L, 216944343L, 76282302L, 886668280L, 
1904906203L, 2014880313L, -2008145016L, -37272778L, -1832402575L, 
1526717347L, 1021233906L, 1836042820L, 1755665671L, 897109213L, 
2058996180L, 360140026L, 1017869381L, -1860639585L, 1473979942L, 
-2102156624L, 1232432979L, 597252721L, -1209800800L, 2112261950L, 
951817801L, -1177259269L, 2074702538L, -1997433812L, 130796591L, 
-1372855067L, 1423003036L, -1472417806L, -269637011L, 242315175L, 
-1594822194L, 30177064L, -1395049173L, 313773897L, 36156504L, 
-1895280378L, -1084076831L, 1188041768L, -1351546964L, 576877244L, 
-1351259150L, -1731793360L, -320448604L, -2052973128L, 1457465178L, 
-1011269488L, 1768559484L, -1878965996L, 2122721602L, -1523214080L, 
1160220092L, 479668560L, -1022977758L, 972628552L, 610011148L, 
764798556L, -1945069102L, 1889054208L, 1359891796L, -834405144L, 
2064529658L, 1505631952L, -1051952340L, 20179188L, -1341472366L, 
1338574176L, -2043321332L, -1503142688L, 1062474338L, -620022616L, 
-1770298292L, -406040708L, 2059528498L, -648879504L, 1512117060L, 
1779231704L, -104596614L, -117344208L, -1694445636L, -1963599276L, 
2099462210L, 461473440L, -913083716L, 3646416L, 2023642466L, 
845782760L, 563002572L, -1637709316L, -645394958L, -429335424L, 
-1903449612L, -1483918712L, 692763450L, 1201784144L, 1319502956L, 
1757330836L, 1659013202L, -227430944L, -1147525940L, 924831392L, 
1681424770L, 297701608L, -1739855124L, 2144959804L, -438122382L, 
1003688560L, -594339292L, -192165832L, -233174758L, 2023437520L, 
1644112188L, -304188524L, 1197201282L, -690111552L, -250800580L, 
-1510747760L, -1432618974L, -1053786872L, 1156728972L, 1894809372L, 
-1222132590L, -1860014720L, 254816276L, -645421272L, 1482151482L, 
1318234576L, 97304940L, 1653058484L, -892628462L, 1358874592L, 
-726783540L, 1814153440L, -1398205406L, 1513118504L, -1034749428L, 
1347449660L, -1780303886L, 510919408L, -1621624252L, 796976728L, 
1854621498L, -1190488080L, 1204636348L, 1220113684L, -2068792126L, 
-1609937824L, -975049348L, -1706623024L, -668378846L, -437727576L, 
-1126269044L, 1409336508L, 1499497266L, 2135991872L, -784558924L, 
1909103688L, 537189818L, -1932223984L, 2128469228L, -358301356L, 
1848662802L, -752114272L, 1676890828L, 1759795808L, 1389647810L, 
-1356852440L, 858358188L, 1971496252L, 625648498L, 1120408880L, 
1656569636L, -375425736L, 938497754L, -1172891760L, 1360945916L, 
-1431815276L, 1575158850L, 1586097408L, -2079887300L, 1980423504L, 
-418589534L, 1893354312L, 968228620L, -1801978148L, -1898076334L, 
-1388292480L, -1988546476L, 1511691240L, 281119482L, 2054446416L, 
-1820678356L, 1072991092L, -259603566L, 885750368L, 478293900L, 
-1663670432L, -1089172510L, 1299205032L, 161918156L, -721151492L, 
-1021878350L, -1572540944L, -557765180L, 1354989912L, 1410717050L, 
678645168L, -1296923716L, 50706516L, 82948034L, 488073248L, -1031274308L, 
1775598160L, -1698605086L, -58093976L, 191016524L, -1476552452L, 
589135858L, 561427712L, -1512313996L, -841275384L, 679823802L, 
1040813520L, 2142921708L, 427383700L, 1847987154L, -681128096L, 
323131724L, -1383493344L, 676228994L, 452374248L, -1329272596L, 
1280040508L, 1799508850L, -665037200L, 1428950052L, -1273667784L, 
70467738L, -128674096L, 1633547452L, -1938498924L, -1698649470L, 
-929525568L, -584202948L, -723855216L, 1604386338L, 1698208264L, 
2053412108L, -1727618404L, -1664240110L, -349552256L, -183639532L, 
-173998552L, -1593401030L, -1267352624L, -585027988L, 1060555572L, 
2142794386L, 138761568L, 53007692L, 979932128L, 158035874L, -1230975064L, 
-609300596L, 2020149948L, 904106793L, 1399234494L, 1437724332L, 
957158397L, -1198191801L, 1050815536L, -71353010L, -1759349381L, 
-539659555L, -2095213814L, -1292021208L, -2086671727L, -1830233469L, 
-533689468L, 604082610L, 721006343L, 1995795793L, -2035538730L, 
1871925684L, 1001924037L, 1929397519L, -663485560L, -826479962L, 
-189638061L, 911020981L, 317722898L, 501338848L, 308148041L, 
613943675L, 111330380L, -827312678L, -223668273L, -1894864487L, 
1641580974L, -671152452L, -1638295763L, -278448937L, -1199309536L, 
1727269502L, 144921675L, -34711987L, 1164569722L, -1170125640L, 
-1491523999L, 538770451L, 663919156L, 1685589058L, -287644585L, 
1871277985L, -231939994L, -1154197404L, 1614951317L, -844303169L, 
1037923416L, -2127744906L, -1593491325L, 1207161029L, -1782157854L, 
854463568L, -1357849223L, -1023565141L, 1856543260L, 2086421834L, 
-1037312705L, 1895914377L, 50959262L, 337097292L, 1484698653L, 
1575898535L, 423690448L, -1419627922L, 1098607899L, 334919293L, 
-1384532886L, -2056421112L, -1336650319L, -1164185053L, 1743329060L, 
-760533038L, 654162983L, -2146183567L, -112948042L, 1034468436L, 
1533543653L, -1663528721L, -126741464L, -374611834L, -1684514125L, 
90217493L, -1884193166L, 1959549632L, 1950621481L, 1403743643L, 
572152428L, 1068781178L, 2022522799L, 1910393529L, 222504142L, 
2067947036L, 1511179661L, 1472365559L, 182904576L, 597462366L, 
-1196100053L, -1023870675L, -513473126L, 1751077720L, 858950337L, 
-1263927949L, 348954260L, -300393694L, 574469687L, -880233727L, 
1654258182L, 24660036L, -1648277131L, 1775881439L, 958877752L, 
1275426838L, -1954756573L, -854853659L, -509603326L, -1961570192L, 
-1959238119L, -229476341L, -428289284L, 127763242L, -2043075233L, 
-516129559L, -1005421570L, 300664812L, -1720016067L, 488976135L, 
-325654800L, -1792850290L, -873250629L, -1835162467L, -1121920950L, 
-811660696L, -934058415L, 990403907L, 304041028L, 33980146L, 
